PRO units, units

 units={$
   ul:1.e8,$
   ut:100.,$
   ur:1.00000e-07,$
   uu:1.00000e+06,$
   up:100000.,$
   uee:1.00000e+12,$
   ue:100000.,$
   mu:0.630000,$
   bk:1.38000e-16,$
   mh:1.67000e-24,$
   mm:1.05210e-24,$
   me:9.10953e-28,$
   kr:0.100000,$
   te:1.00000e+11,$
   re:8.31000e+07,$
   cl:2.99800e+10,$
   qe:4.80321e-10,$
   ub:1121.00,$
   tg:9681.00}

END
